A=[0.2 1 0 0.2; 0 0.5 1 0.4; 0 0 0.8 1; 0 0 0 0.3];
C=[0 1 0 0;0 0 1 0;0 0 0 1];

%π ’œ∑÷≤ºæÿ’Û
F=[-1 1;1 0; 0 -1; 1 1];

W=[0.9 0 0 0; 0 0 0 0;0 0 0.5 0; 0 0 0 0.3];


